8
8
8
9
6
11
16
17
23
11
20
14
23
29
18
13
14
35
20
36
39
35
46
29
44
55
39
52
59
29
28
37
65
60
72
65
10
69
57
41
33
44
76
76
43
88
88
51
43
66
83
98
38
102
26
100
95
76
50
57
81
123
71
76
61
67
107
102
88
123
121
126
56
95
44
120
90
113
127
81
70
93
97
127
164
140
69
97
116
162
153
83
85
154
168
168
59
85
146
123

Average Distance for MinMax after [100] executions [68]
10
12
12
15
6
15
18
23
25
11
30
24
29
33
24
13
32
43
42
46
43
51
54
53
46
57
43
56
63
29
28
67
67
76
76
77
10
79
83
41
33
44
94
92
77
96
96
79
73
76
103
104
38
112
98
112
117
82
50
57
127
125
81
110
99
79
111
144
122
145
141
138
56
141
44
144
142
131
141
81
164
123
131
141
172
158
69
151
132
174
167
165
165
190
190
182
59
185
200
127

Average Distance for Mechanical after [100] executions [85]
